ARMA_MAT_TXT_FN008
300 3
  -1.1334814113643161e+00  -7.8921684123138727e-02   1.0289190387831384e+00
   3.5001302244281429e-01  -1.2487545939562245e-01  -4.1275003556750584e-01
  -1.4583092988628263e+00   1.0422039660008129e+00  -1.4527484616510840e+00
   1.0469597342455470e+00   1.9597189599945150e-01   1.4085954798843336e+00
  -1.3377631142980131e+00  -9.7208546547823949e-01   7.2236835710744851e-01
  -2.3649488624176929e-01  -9.0496994119348795e-01   2.9888229137500005e-01
   6.1741737897024829e-01   9.7753335962512444e-01   1.0970125973980296e-01
  -1.0290820924390227e+00   1.4001070120603492e+00  -4.0118824423197391e-01
   7.5980229958061141e-02   9.9206618296611127e-01   4.8130984365486013e-01
  -7.9150925703336472e-01   1.9409246448450104e+00   4.2269463380857830e-01
   4.3181937792523600e-01  -5.2890058514299687e-01  -4.6596756922903171e-01
  -8.2816142366847578e-01   3.0365561740231495e-01   1.5265541251008692e+00
  -5.1840059269673000e-01  -8.2571460647616668e-01  -1.9141474355532745e-01
  -9.3568646127415042e-02   2.8310125143077625e+00  -1.9171447046340566e+00
  -6.4855164908830076e-01  -1.1041323420753411e+00   2.4810084995431811e-01
  -9.4734202785383270e-01  -4.4191046273395829e-01   7.6918718016792509e-01
  -4.1985856903954719e-02   2.1251657867224973e+00  -1.3324366795714231e+00
   8.0122737855536585e-02   3.5930251260428586e-01  -5.2726314334630021e-02
  -1.0002285417530374e+00   8.7599675697402180e-01   2.1517725127305622e+00
   4.2391594891693883e-02  -8.1570273052670228e-01  -8.2662966473148070e-01
   9.3663224080903495e-01  -1.4291029364767507e-01   2.2013106596299409e-01
   6.5247833597335736e-01  -1.1075783246683493e+00  -3.0770143420721685e-01
  -1.2106421753727910e+00   1.6018111709167280e+00  -9.0955050636115042e-01
  -6.8870074923252167e-01   1.9961142560791933e+00   7.5235777398819689e-02
  -1.2161881518288553e+00   7.7444106116269795e-01   1.5534525495016964e+00
  -2.7279962600349328e-01   1.6293511936876343e-01  -2.3249590418958199e-01
   1.0503641295912298e+00  -4.6293864859271572e-01   1.0286269846245797e+00
   7.3841110272036337e-01  -3.3631503652707657e+00   4.8964482658581376e-01
  -5.6940459915866637e-01   6.4204106479789325e-01   2.6783849739023360e+00
  -3.4156968824543658e-02   5.1793113785692613e-01  -1.1597848228956813e+00
   1.3185928053097322e+00  -1.0975429934241936e-01  -9.8710650421610480e-01
  -1.5300366831292611e-01   5.4165202553547842e-02   1.9978233075116600e-01
  -1.9197408011176293e+00  -6.1109526472411124e-01  -4.6135298103073230e-01
  -6.6250277022445833e-02  -2.2487284855102629e-01  -8.3920013682473560e-01
   2.1719121556000389e-02  -3.4480838219362243e-02   1.2239013967604649e-02
   1.3105505854649078e+00   1.1282872371961350e+00   1.0964646700020322e+00
   1.9860435241329506e+00  -3.7982250354740910e-01  -9.9932343237715859e-01
  -1.2149585638232718e+00  -8.2322584889702521e-01   7.0477814956321128e-01
  -4.3322678365344237e-02  -5.1482552856807806e-01  -5.9066991796877066e-01
   7.9006346931831051e-01  -1.7558985980990351e+00  -1.3003431962337462e+00
  -6.8319671627387724e-01   3.4225703703027843e-01   1.2438502629863180e+00
  -1.3036369814835143e+00   6.7651406030416394e-01  -1.6976532880422190e+00
   7.2648162185198795e-01   3.0134832393803224e-01   3.6988302168948572e-01
   5.4775927965059990e-01  -7.3310983187242551e-01   6.9628856715736848e-02
  -7.1006930819854408e-01  -2.0982429922217483e+00  -1.9801026074704220e+00
   5.4668386200286301e-01   2.0702163463211507e+00  -1.4639379627338387e+00
   2.6880145943900985e-01   1.1491565125074512e+00   8.9742845863975840e-01
   1.2666571054778641e+00  -8.5797097412609524e-01  -5.4060312939759318e-02
  -2.2770525598023938e-01  -1.2706890150403989e+00   5.2469432323867704e-01
  -2.2202658561328914e-01   1.3505890889328604e+00  -8.9383086075105478e-01
   7.1050047038138353e-01   6.0325756055761293e-01  -9.7073023249869606e-01
   5.8427242182277894e-01   3.3879792922848163e-03   2.0742989726046783e+00
  -1.0137320354352168e+00  -1.5872848644743773e+00   9.8504321951621143e-01
   2.4939328413053580e-01  -4.7510006702746216e-01   6.2981817774698889e-01
  -7.3602401180765964e-01   1.0633631248142466e+00   1.3661377247981257e-01
  -7.8844444771026689e-01  -1.7336281240594514e-01  -4.0938800772600409e-01
   7.0677281016839255e-01  -1.1892080890635981e+00   7.0472675465177312e-02
   3.2889363340632877e-01   2.8709696491574371e-01  -5.3842047814772798e-01
   2.8142695719674982e-01  -6.4690310236122595e-01  -1.8334366426055115e-01
   5.2273173206780765e-02   9.7528422110135937e-01  -1.3320969388334749e+00
  -8.8939721186295995e-01  -5.4216117989328971e-01   3.8786739803864795e-01
   4.9557051737474855e-01  -5.5168659950833321e-01  -1.7485412624575666e-01
  -2.0856289382796261e-01  -2.3611813834103623e+00  -1.0514345687555697e+00
   2.8492680248425467e-01   1.5397096007787275e-01  -2.4363836807092107e-01
   8.2915375088421539e-01   1.7013210824396402e-01   2.1664761733547007e+00
  -2.5974951079411934e-01   1.9500245513658394e+00  -2.7830579963857094e-01
  -8.5010022558481069e-01  -7.7566206880168809e-01   1.7093020716152978e+00
   1.1968966049257181e+00   1.1441154814604313e+00  -6.6967221382531794e-01
   9.6735770458524439e-01   3.5206711888269565e-01  -9.2106395768108851e-01
  -5.2120462282938285e-01  -5.9867577692569555e-02   4.0848503191218122e-01
  -1.8177511470024563e-01   1.9328772765231136e-01  -1.9205683420696720e-01
   6.8642863156256639e-01  -2.7102078732143242e-01   1.3827279865507807e+00
   1.5018404761813267e+00  -2.4144646057054225e-01  -3.5211344363143687e-01
  -2.8804520654813621e+00  -2.3637252308179013e+00  -3.9056088438035991e-01
  -1.2509866916256387e+00   7.3635044652627091e-01  -1.3613605265390916e-01
   2.7218739806654653e+00  -6.4683728170012533e-01  -1.8702344734135010e-01
  -8.3811192089415076e-01   2.1122306359506196e+00  -3.8433495042712329e-01
   1.0121528840522091e-01   9.0765646453746573e-01  -1.9054109661986531e+00
  -1.5419839504600946e-01   6.6570794691439095e-01   3.8132987089996623e-01
   1.9398926860195582e+00   1.2272077252402545e+00   5.9148713385199214e-01
   2.3763909052091692e+00   8.0280495148318709e-01   1.4691921982191076e+00
   6.5099718992591349e-01   7.7684226221122377e-01   8.4786985088961919e-01
   4.9675442869736502e-01   7.8127528573618188e-01   1.4060272800431522e-01
  -5.6695551997611482e-01  -2.9450758957489671e+00   2.0701140486456079e-01
   1.0691470284384998e+00   8.8041165311235681e-01   3.3665834162865810e-02
  -9.7851324527367733e-01   1.6083116408832387e+00   2.3513535463411170e-01
   1.5996179202773059e-01   5.3017753438328186e-01   9.3699746361437208e-01
  -1.1904929293375912e+00  -1.8569050805227204e-02   2.1151199596261279e+00
  -6.8139826678838444e-01  -1.2534710485800924e+00  -3.3428446218507946e-01
  -2.9806905737822931e-01  -5.8165500227345146e-01   1.8639622087069840e+00
  -2.9238517803510189e-03   6.3065082562772679e-01   1.1312301455825644e+00
  -6.1243225263160905e-01   6.4994259766395768e-01  -4.7681548296640625e-01
   1.8090133085674703e-01   3.6955999060927791e-01  -5.3956199905579350e-01
   3.1838983834933371e-01  -1.0030960590592686e+00  -9.6481744897921856e-02
   2.9723644390027387e-01  -5.3845094308637864e-01  -4.5722805707938699e-02
   1.0608036895099731e+00  -1.6381058964721273e-01  -1.0044616163712381e+00
   4.6606136884742350e-01   1.7329978357156548e+00  -1.5113788935480397e+00
   4.9644194010642462e-01  -6.8586970416511739e-01  -9.3623063494339487e-01
   1.7681947043104294e+00  -1.3595814067864416e+00  -5.6596142203643240e-01
  -3.3308432791796079e-02  -2.8617854041339480e-01  -3.5081080161086908e-02
  -9.9339875784136833e-01   6.4232683221677134e-01  -5.3171814658635597e-01
  -8.3534064540594277e-01   1.5232157784478892e-01   1.2489337495371735e+00
  -1.3893697371065454e+00   5.0882710987335628e-02  -3.2331249577061832e-01
  -1.8411971934276336e-01  -1.6939201784691549e+00  -3.0643172073464082e-02
  -1.2077031855114801e+00  -1.7787373442437837e-01   4.2540093707828525e-01
  -1.5553194721879280e+00  -5.0458717394944541e-01  -7.0385085654600787e-01
   2.2775228634651747e+00   5.6141416756273647e-02   7.2187608108060575e-01
  -4.3421833178407210e-01   1.6610791373805536e-01   7.2270891200954279e-01
   9.8939274378026532e-01   1.1943963523343919e+00  -2.1699556290512412e+00
   3.9250527282531383e-01   1.0123004703319070e+00  -3.2852747404820304e-01
   5.2843433968222342e-01  -6.3514165029524206e-01  -1.0390382356176218e+00
   6.5520874565828424e-01  -2.1849546148085730e-01  -9.5935929117548302e-01
   1.3982843461326053e+00   1.9064958074880053e-01  -4.1399123551101580e-01
  -1.0027107639559414e+00   1.2331640598754703e+00   1.2302588517067536e+00
   4.3053921695409531e-01   5.6629348170323945e-01   2.2555455416039846e-01
  -2.2742677116933341e+00   1.0014865730286216e-02  -3.2601850243537439e-01
   2.5673926107552025e-01  -1.8187374131267381e-01  -5.4927145148423195e-01
  -1.5046526776027791e-01   4.4830741476822861e-01   1.6023642777198006e+00
  -1.0334685767623046e+00  -3.4626934502443518e-01  -1.3697033799561371e+00
   2.0532311709548594e+00  -9.8856541275551393e-02   8.2609657269593895e-01
  -7.6038856392828069e-01   7.8530089437934991e-01  -8.6364516466089070e-01
   5.2647667380874075e-01  -5.0392609990932669e-01  -1.5148625466494454e+00
   3.6309239901475909e-01   6.2705609499203796e-01  -6.9995552454798737e-01
  -1.2576367876387771e+00   2.3652978400751287e-01   1.2396314764387519e+00
   1.6490607788186389e+00   2.0010538113583127e+00  -7.1400793591953171e-01
  -6.6266109327919576e-01  -7.9436360051952282e-01  -1.5404593008012111e+00
  -2.2009136749973601e+00  -1.4242707437429347e+00   5.1950227042350505e-01
  -6.2345015161448129e-02  -1.2199156260462576e+00  -1.4221122425172641e+00
  -2.5605567072658677e+00   1.4049014169255665e+00   2.1531272125328256e+00
   6.9150533056396546e-01  -1.0333564091397380e+00  -9.6044011428875285e-03
  -2.1158763643875393e+00   7.6230960112716062e-01  -1.0927969611050932e+00
  -3.8649798545334813e-01  -2.4759850735704753e-01  -1.3647591685332260e-02
  -1.1451223411627347e+00  -1.5479528746765131e-01   1.5897453373527440e-01
  -1.1678764191508884e-01  -3.5364994248328577e-02   3.6761372730325892e-01
  -1.8547769191499588e-01   2.2034245357859814e-03   2.1403112110604843e+00
   1.2101492546939963e+00   1.4807113999323691e+00   1.4178736508397756e+00
  -1.4841491252369543e-01  -1.1962852541616729e+00   1.1182695216330689e+00
  -5.9390360915279750e-01   1.1166436879556818e+00  -2.6133941159376201e-02
   1.7126292189068709e-01  -1.3796147126777445e+00   3.4852949708177006e-01
   1.2204490748013461e+00  -4.7868252047374171e-01   1.4231790406830174e+00
  -4.7970007726950301e-02  -4.7246448494696787e-02  -1.5919269135149141e+00
   6.1686775949165729e-01   1.3131378617421094e+00  -1.9149317089651623e+00
   6.9100098298925006e-01  -1.0836764131309262e+00   6.1046866959167478e-01
  -2.1061303550318899e+00  -1.4511049974648488e-01   9.9916143325396126e-02
   6.8153408261972370e-01   1.4187320427541916e+00  -1.1642468143809361e-01
   9.7305748823789828e-01  -7.7405050297487343e-01   5.5573611195870298e-01
  -1.6702503644090854e+00  -2.6301963273103868e-01  -2.2157234560023059e-01
  -1.4796901434234144e+00  -2.2847230790435910e-01   9.7163631293841357e-01
   3.4133015699073982e-01   2.5035727792784904e-02  -2.2280459483941550e-01
   1.0355232618047587e+00  -1.9973040658333503e+00  -4.3181478105177092e-02
  -1.1191678871472019e+00   1.3601470746158955e+00  -6.5341199464655020e-01
   5.1330113979826320e-01   6.9229039816623283e-01  -1.1232741002050848e+00
  -2.2190740708114542e-01  -5.7632638282208337e-01  -8.2954098656442743e-01
  -3.6587379192482411e-01   8.4917906718062663e-01  -4.1754168110976464e-01
   3.6691181463118960e-01  -4.9952981189961210e-01  -2.8618163546955455e-01
   8.4783435417719627e-02  -1.4544745386324212e+00   1.4926784105668742e-01
  -3.9008780316368352e-01   7.6577699750905703e-01   6.1603425084423280e-01
  -7.3321300759184238e-01  -4.6474677789369490e-01  -1.5302377050560045e+00
  -2.5590820809315534e-01  -6.1404874557050926e-01  -2.5705501544467344e+00
   6.7265293863258058e-01   1.2600935602756311e+00   9.4366327190200516e-01
   1.4261687447986235e-01   8.8397189920560548e-01   1.8051249579876451e-02
   7.9432575110501025e-01  -9.2131961561863907e-01  -9.4078573197022730e-02
   1.1208531243909243e+00   1.3626350757393999e+00  -9.5091742547761848e-01
   8.4021649702611201e-01  -1.2175833215723439e+00   7.7875541142541704e-01
  -1.6393992134218209e+00   1.7558511531942829e+00  -1.1683739347492073e+00
   1.2195166813107152e+00  -3.7459254381328627e-01  -6.2121928357722100e-01
  -8.2372210536945512e-01   1.6866260646593794e+00  -3.8513075074047143e-01
  -1.4695284988553620e-01   2.5594711528010511e-01   1.8470419313890620e+00
  -2.2745385855628600e-01  -4.6820918842510656e-01   5.7689678721268278e-01
   1.8695519586350226e-01   1.1571884153484471e+00  -3.3670248605888070e-01
   1.0439601275479384e+00  -5.6931355805085759e-01   1.6954554021545125e+00
   7.1071364171528395e-01   8.7140339981099313e-01  -1.8593534512602881e+00
  -5.2037699399999160e-01  -9.9556487877304978e-01  -1.5665333446754510e+00
   3.5720174025698281e-01   1.3179545453417851e+00   5.6162668713124164e-01
   7.2876428045802055e-01  -5.7852789564465035e-01  -2.0278901720496592e+00
   1.0777707673151993e+00   2.2778685302270042e-02  -1.3932015797292256e+00
  -2.2676678225669978e-02  -6.5582757078529874e-01  -3.0656844454942672e-01
   4.9840224223092111e-01   4.7577019164769663e-01   1.0018724030035602e+00
  -1.8769957241076479e-01  -1.1646062633248246e+00   8.8823515801998598e-01
  -4.3668722251713443e-01   6.6758698128160865e-01   1.5168640260335255e+00
  -5.9049158840433913e-01  -1.2973378554504880e-03  -4.3609042710621793e-01
   1.9241188962099554e-01  -1.0229310471206678e+00   1.3671542728882375e+00
  -1.8357707409403716e+00   2.5751038063098125e-01   1.1912932586502432e+00
   5.2241388656452692e-01  -1.5627656127343093e+00  -1.3772175352343359e+00
   3.7837374341128688e-01  -9.6136497893671202e-01   1.0658953712242569e+00
   3.8380236052704197e-01   5.4415603910601962e-01   1.3150772825072214e+00
   2.2180267025262830e+00   5.5398030731800074e-01  -1.2702645728412953e+00
  -5.8766864644273697e-01  -5.9245393379226718e-01  -5.9705344907705926e-01
   3.6237918652808322e-02  -1.2042597623927536e+00  -1.4636756240768243e+00
   1.8992758720481523e-01  -1.0292293654800286e+00   9.0055662637702016e-01
  -1.5899110313150007e+00  -1.9078815775697302e+00   6.0119819557557186e-01
  -7.2234073863017401e-01  -9.8459946885357541e-01   1.4691118627120485e+00
  -7.5315541862186286e-01  -1.0719988503996773e+00   1.7768786981815740e-01
   4.7781631458885870e-01   5.5493544642956738e-01  -8.5415067724230812e-02
   8.3013219098545421e-01  -1.0100573502138279e+00   2.5632318800330106e-01
  -2.8155950499746479e-01  -9.1371585855403070e-01  -2.1844843213094448e-01
  -1.7218604315719159e+00  -7.9418458598853880e-01  -8.5193862354320260e-01
   2.6762091969027662e+00   1.4593321579884835e-01   1.1559451069911013e+00
   3.5987492876987814e-01   1.1912296554428397e+00  -1.5158258699841192e+00
  -2.3016898910333539e+00   7.9262092292943231e-01  -2.0360009001268025e+00
   1.3533686560509879e+00   1.6473109853907735e+00   6.3419461013739487e-01
  -1.0329275342724662e+00   1.9964179274735296e+00  -1.1772827903565199e+00
   1.0542238722795891e+00   5.3223001023311123e-02   3.6578650142465703e+00
   9.5155459996481406e-01  -9.5379185042922587e-01   2.7030143985287447e+00
   1.9181322991265652e+00   1.4746978812019631e+00   1.2124481277064908e-01
  -2.1591822060943442e+00   1.3234099115342113e-01  -1.7210837598045696e+00
   2.9455520850061018e-01  -4.2673479448119583e-01  -1.1468628652722985e+00
  -1.1092042681438750e+00   7.1117156149456862e-01   2.2607395049772161e+00
  -5.2980501080907649e-01  -5.9728295280253259e-02   5.6317088775033397e-01
  -2.4425667632563844e-01  -4.0170982270112948e-01   2.2277931996376403e+00
   8.2881697671615251e-01  -3.2495159180892536e-01   5.4284808935666073e-01
   8.1325045186328060e-01   1.8280103636456022e-01  -8.0182934515132323e-03
   1.1005989112753596e+00  -9.6342252236066650e-01   2.7975051336596013e-01
  -7.4793601485786931e-01   7.3977222155830580e-01   1.1708085401655781e+00
  -6.7079537522811372e-01   4.3732072530743682e-01   1.8267936290457898e-01
  -1.4800618696992913e+00  -1.7683957106965703e-01  -5.8868344114487836e-01
   1.0350622771625106e+00  -9.9368611477964619e-01  -1.1001859831582816e+00
  -1.8325517471432260e+00  -1.6370475300389609e-01  -1.9785699902738423e+00
  -3.9439224580722626e-01   1.0377099710173556e+00  -2.0562803532633946e+00
  -1.8514633264571552e+00   1.6623937921184326e+00   4.1390098387850856e-02
  -3.6093978307646163e-01  -3.8009567505780173e-01  -2.6329871898719659e-01
  -1.0733099139263163e+00   2.6802874068902605e-01   3.8135937152242311e-01
   7.4163197493044453e-01  -1.1732214819735185e+00  -4.3080883158326322e-01
   2.9588777562595830e-01   8.2252090393063737e-01  -8.8142896198723938e-02
   1.2548420930319266e+00  -4.2384497780574226e-01   1.2749996346779748e+00
  -1.6980056583835084e+00   1.2424522670393850e-01  -1.8381873753146465e+00
  -4.2638824576145534e-01   2.3333020220337719e+00   5.3652976011970788e-01
   2.6143842923194260e-01   9.9733578411085111e-01   6.4111517671364660e-01
  -1.0563725675840483e+00  -4.4056957166831251e-01   6.6000210029733719e-01
  -3.4990134721858368e-01   1.8041290131989274e-01  -1.8630434471355310e+00
  -2.7722086436634230e-01  -4.7326725773701261e-01   2.6007173837144069e+00
   7.0681496201549465e-01  -5.7918839330299998e-01  -6.9928421699757026e-01
   3.4266065741521401e-01   1.6274008090867187e+00  -1.2588098302740613e+00
  -6.3686060888862595e-01   1.6523213581967711e-01   3.5104857917804377e-01
   1.5352904863214620e-01   7.5876088658860230e-01   8.2393720599068732e-01
   2.7566726232505667e-01   7.7805789998526420e-01  -6.5715976965664968e-01
  -1.5336628996645449e+00   5.6705459504557620e-01  -3.2905537028217018e-02
  -1.9338158666631572e-01  -4.5152054013174348e-01  -8.7505310486388566e-01
  -1.2278817609434896e+00  -6.8811407262259450e-01   8.5722217035476764e-02
  -4.7398288121127306e-02   3.6782263152081912e-02  -3.0270866297715077e-01
   1.0445488922169688e+00  -2.2165641787666650e+00   2.8961448283904551e-01
  -1.0992527258607231e-01   1.0319838182058776e+00   5.0371574658341445e-01
  -1.1491571782467924e+00   1.5412575975925897e+00  -1.6054157295884208e-01
  -1.3689613928987081e+00   8.3846480614585384e-01   1.0400647434430996e+00
  -1.4020529447237020e+00   8.8189779531014345e-01   1.1706652639415640e+00
   1.3092375630919304e+00  -9.0211890927563332e-01   1.4899116657543980e+00
  -1.1131128445365466e+00  -8.6023695684110857e-01   1.0523624660571305e-01
   8.5835490275349768e-01   2.0560610243169511e-01  -4.4202129105363080e-01
  -8.4872912625104124e-01  -6.3973013943626023e-01  -5.2724479582338979e-01
   1.0105072729284208e+00   1.1094989991296891e+00   8.3146914768589275e-01
   1.1400175342327601e-01  -4.8817287838276735e-01  -1.0248720657974793e-01
   1.1404087506546912e-01  -4.9262077614963296e-01  -1.4376925218414274e-01
  -1.2203266792556623e-01   2.7732839051885355e-01   5.6973496800802992e-01
  -3.7894126307973497e-01   1.5473959439065850e+00   1.4898581030291764e+00
   4.6992309574691654e-01  -3.5876229601849363e-01  -3.4602034731024139e-01
  -1.2584220070915124e+00  -3.0097632654860801e-01   6.9286559045755047e-01
   2.4451212309173034e+00  -4.5200767244679779e-01   3.4037673026784054e-01
  -2.0586205756635332e+00   1.0777277701537886e+00  -1.2999676477603883e+00
   3.6737348267572167e-01   6.2798706460615017e-01  -1.8146993898537220e+00
   5.1387402998724807e-01  -1.0097894658612296e+00  -1.2915594470599548e-01
   8.1132764406330982e-01   1.0519082708802476e+00  -1.5409017106731537e-01
  -4.4197506677702580e-01  -6.1654349714372192e-01  -8.6753244640783111e-01
  -9.4230768299046086e-01   1.0115243957766731e+00   1.0476853847414878e+00
  -8.4822512479714107e-01   3.4733690549638374e-01   1.1691432434565292e-01
  -8.6139639064785301e-01  -5.5057696757027685e-01  -8.6083910785843168e-02
  -2.2235280755057674e+00   3.9630695109377034e-01  -9.8325657414750478e-01
   4.4629664994619379e-02   1.1056546193227672e+00  -1.3453793393043190e+00
   6.3369356017536704e-01  -2.6737991580290138e-01  -1.6073816271059189e+00
  -1.1894533389606003e+00   1.8734360262001937e-01  -2.0305393911228200e+00
   4.6258225276772258e-01   3.5076626910068465e-01  -5.4595029490330460e-02
   6.8681310154101616e-01  -8.4974373675251258e-01   1.7307811542975701e-01
  -2.1861418831758841e+00   1.6416840158059061e+00   3.5142269761730682e-01
  -5.7798759470807259e-01   7.7609610797127850e-04  -2.1222893659848202e-01
   1.9662818443310526e-01   2.4723908977903815e+00   7.5058010888762083e-01
  -9.7369885928302424e-01  -4.6686107548750327e-01   4.7088482079844801e-01
   2.2963362970364731e-01   7.1803745805271391e-01   6.4472750486127461e-01
   3.5510208873754057e-01   5.8147837104298317e-01  -3.4022444029056298e-01
   5.9812940539618398e-01   2.8996846012721667e-01   3.1009872638199276e-01
  -3.4539005618742979e-01   1.2643810450375335e+00   4.3285220428082849e-01
  -4.8195026865061091e-01   1.8487599918970504e-02  -8.5006371056944952e-01
   1.4119837878423671e+00  -4.3436280050312753e-01  -1.8117714353744172e+00
  -5.9616320829420488e-03   3.2493630855382238e-01  -4.6378617502234254e-01
  -1.2047028104672020e+00   6.2196404790137223e-02   1.0524620674070500e+00
   3.5619123452630401e-02  -4.5759846895085077e-01   1.0771311508273256e+00
  -2.0358070076973012e-01   1.3462378973950626e+00  -1.3238261047737510e+00
   1.6301523744232462e+00  -6.5527573463327138e-01   9.9918749228624337e-01
   1.3372263766840786e+00  -5.9959040608269609e-01  -9.3895712638709528e-01
   3.6655967407742457e-01   4.6232092091914651e-01  -1.3195594886818088e-01
  -1.0059184272817810e-01  -1.5218045067905364e+00   9.8896061096961452e-01
  -2.0026172926341719e+00   1.2545802373433093e+00   1.0921777207033916e+00
   2.8184931298996427e+00  -1.7368954557581182e+00   9.6525994920823754e-01
   1.7112835593971223e-01  -1.2013021475830610e+00   5.5788278785536521e-02
  -4.1636900024195150e-01   1.5054831988812383e+00   1.4196335580864469e-01
  -2.0234015078617626e+00   9.3247186390889170e-01   2.9335904036086358e-01
   9.4119034729234641e-01  -3.0264427990847359e-01  -1.0476717456199274e+00
   1.2380894305065056e-01   2.0043693328189574e-01   7.3436386254842934e-01
  -3.7974277957166536e-01   1.7235902986960966e-01   9.0441692872120716e-01
  -9.5889074828474441e-01  -5.4792440894451111e-01   1.1635609900082897e+00
   5.9331935590528996e-02  -8.3642034916046215e-01   5.1858131021562248e-01
   8.3720427664238950e-01   9.3040847170076091e-01  -2.3604424060461579e-01
