ARMA_CUB_TXT_FN008
3 8 3
   2.1304488389287146e-01   2.5661814655177299e-02   1.7667936596553777e-01   4.2036753147840509e-03   2.0900788328144704e-01   1.1487934801261873e-01   1.1049817053135486e-01   8.8005359284579771e-03
   9.1553279478102934e-02   1.3695912023540588e-01   1.2449699565768244e-01   5.6600547605194160e-02   2.2299433504231278e-01   1.8128051273524765e-01   6.6105761029757570e-02   2.7871499187313026e-01
   2.1269264293368909e-01   5.5168128688819713e-02   2.7580406307242816e-02   2.7753530242480340e-01   1.0556028694845737e-01   2.1048782863654200e-01   2.6426884112879640e-03   9.2642237129621219e-02
   1.2579871984198690e-01   1.1194565743207932e-01   8.3615349605679512e-02   1.6624113521538675e-01   2.0612226799130440e-04   1.8069518296979370e-01   1.4833306097425522e-01   1.3632477866485715e-02
   9.7787638893350959e-02   2.5414695497602228e-03   5.9093795251101255e-02   1.0965765095315874e-01   1.7288988484069706e-01   1.0851234570145607e-01   5.8820180548354986e-02   7.0798908686265358e-02
   7.6299330964684497e-02   1.1858412455767393e-01   3.5369206545874478e-02   1.7401382713578642e-01   8.2639748696237813e-03   3.3152379048988226e-02   1.0546689294278622e-01   1.8798096356913449e-01
   8.5979829798452562e-02   2.0962694985792042e-02   2.1329929330386223e-02   5.4936502175405626e-02   2.5662219850346446e-02   4.1069813119247560e-02   6.4919511997140952e-02   7.5554386759176861e-02
   4.0563908126205209e-02   1.5213555120863021e-02   6.5092275035567582e-02   3.5910478769801558e-02   6.7128038685768845e-02   8.3244036254473033e-02   1.2876601866446437e-02   7.7806727215647700e-02
   6.5729820542037493e-02   6.5894875093363225e-02   8.4315226785838610e-02   5.4317119647748768e-02   8.2216310431249440e-02   3.0559572367928924e-02   3.3572897850535813e-02   7.7194268046878289e-02
