ARMA_MAT_TXT_FN008
100 2
   9.9779396449332558e-01   2.2060355066745108e-03
   9.9462291926150892e-01   5.3770807384911461e-03
   9.9444057330400359e-01   5.5594266959964880e-03
   9.9534189069304291e-01   4.6581093069570983e-03
   9.6975718301495806e-01   3.0242816985041946e-02
   9.9599048268507562e-01   4.0095173149243477e-03
   9.9147112120448333e-01   8.5288787955166111e-03
   9.8418568533478257e-01   1.5814314665217422e-02
   9.8915878493096587e-01   1.0841215069034063e-02
   9.8946822995690287e-01   1.0531770043097202e-02
   9.9053867134901108e-01   9.4613286509889725e-03
   9.9384498556146028e-01   6.1550144385397933e-03
   9.8805486477662607e-01   1.1945135223373851e-02
   9.8862363650127671e-01   1.1376363498723336e-02
   9.8485415147621613e-01   1.5145848523783883e-02
   9.8344643272353327e-01   1.6553567276466730e-02
   9.9294869575402867e-01   7.0513042459712776e-03
   9.8907613264567351e-01   1.0923867354326473e-02
   9.6961471409872302e-01   3.0385285901276947e-02
   9.8140485296057334e-01   1.8595147039426774e-02
   9.9482780836185236e-01   5.1721916381476385e-03
   9.8708959014321573e-01   1.2910409856784370e-02
   9.8888863440421892e-01   1.1111365595781068e-02
   9.9422515408185774e-01   5.7748459181422469e-03
   9.9831065552378673e-01   1.6893444762133612e-03
   9.9027089051008188e-01   9.7291094899180953e-03
   9.9310246609430086e-01   6.8975339056991285e-03
   9.9646773066958505e-01   3.5322693304149790e-03
   9.8976344927777671e-01   1.0236550722223320e-02
   9.9664564041289327e-01   3.3543595871067112e-03
   1.9425328269628013e-02   9.8057467173037194e-01
   5.9667255572344625e-03   9.9403327444276557e-01
   4.4988112071547874e-03   9.9550118879284522e-01
   2.1012187854700087e-02   9.7898781214529984e-01
   4.3892583843376156e-03   9.9561074161566243e-01
   1.8925826539052327e-02   9.8107417346094772e-01
   1.5536878616992364e-02   9.8446312138300762e-01
   7.8823308601098496e-03   9.9211766913989019e-01
   4.5338887010817645e-03   9.9546611129891827e-01
   4.7689458335434004e-04   9.9952310541664557e-01
   7.4739541320112510e-04   9.9925260458679888e-01
   4.2886914038960978e-03   9.9571130859610391e-01
   4.9131716661235661e-03   9.9508682833387641e-01
   1.2441713104263702e-03   9.9875582868957369e-01
   4.6010028650541939e-03   9.9539899713494573e-01
   1.5056322897957003e-02   9.8494367710204300e-01
   8.2726590224328506e-03   9.9172734097756710e-01
   5.7557891616168947e-04   9.9942442108383833e-01
   1.0717832032517726e-02   9.8928216796748236e-01
   3.3242151551455774e-02   9.6675784844854418e-01
   1.8667206133785191e-03   9.9813327938662144e-01
   4.5263944200712872e-03   9.9547360557992870e-01
   9.1352097541306850e-03   9.9086479024586926e-01
   9.9538294243849863e-03   9.9004617057561506e-01
   8.5955392922982977e-03   9.9140446070770172e-01
   1.4933766482298409e-02   9.8506623351770162e-01
   1.7049675480528534e-02   9.8295032451947151e-01
   6.1778404791403389e-03   9.9382215952085962e-01
   9.1097974601332694e-03   9.9089020253986670e-01
   3.8114815230899622e-03   9.9618851847691003e-01
   4.2901930805951960e-01   5.7098069194048040e-01
   9.8054103262331282e-01   1.9458967376687265e-02
   9.9995880454556740e-01   4.1195454432581633e-05
   3.6444673391386934e-01   6.3555326608613072e-01
   8.4008426326366653e-02   9.1599157367363337e-01
   6.5631311719636021e-01   3.4368688280363990e-01
   1.9902952132273860e-01   8.0097047867726134e-01
   6.7634146409064166e-01   3.2365853590935850e-01
   7.1136944212759945e-01   2.8863055787240055e-01
   9.9695980199955514e-01   3.0401980004448577e-03
   3.3374703375648479e-01   6.6625296624351515e-01
   4.6875437107169182e-03   9.9531245628928311e-01
   9.9873859059500325e-01   1.2614094049966610e-03
   5.8792356834787063e-01   4.1207643165212943e-01
   4.0110746014303915e-02   9.5988925398569602e-01
   8.4797873445385130e-01   1.5202126554614864e-01
   8.4912439257428984e-01   1.5087560742571016e-01
   8.5460932585916094e-01   1.4539067414083914e-01
   1.4384171090516831e-01   8.5615828909483160e-01
   4.2310365139372469e-01   5.7689634860627537e-01
   9.2290112320411199e-01   7.7098876795888033e-02
   8.5850246256568230e-01   1.4149753743431770e-01
   1.4258149242196655e-01   8.5741850757803351e-01
   3.9461901074447220e-01   6.0538098925552786e-01
   9.3801226158571760e-01   6.1987738414282491e-02
   8.2458775369248047e-02   9.1754122463075205e-01
   5.6099518449577124e-01   4.3900481550422871e-01
   9.9830124243494411e-01   1.6987575650559584e-03
   3.5449806058657572e-02   9.6455019394134245e-01
   4.5577864702999982e-01   5.4422135297000018e-01
   1.2400966773236669e-01   8.7599033226763323e-01
   7.2198505477813391e-01   2.7801494522186615e-01
   9.5310497587794907e-01   4.6895024122050898e-02
   9.9981766212177892e-01   1.8233787822106764e-04
   7.2767574158021653e-01   2.7232425841978342e-01
   3.3271337870561003e-02   9.6672866212943898e-01
   1.6039068601328033e-02   9.8396093139867202e-01
   4.6603146104906273e-01   5.3396853895093721e-01
   1.8504244990436935e-01   8.1495755009563065e-01
   9.6151370176668682e-01   3.8486298233313211e-02
